
------------------------ 2014-01-05 14:58:21 ------------------------
Chr: Derp LVL(251) job: 131 MapID: 180000000  MAPCHR: Derp[1] ,Lv251,job:131 .
SendOP(-38): UPDATE_STATS [0028] (115)Data: 00 20 00 00 00 00 00 00 00 83 00 00 00 00 00 00 00 00 00 00 00 00 00 00 00 00 00 00 00 00 00 00 00 00 00 00 00 00 00 00 00 00 00 00 00 00 00 00 00 00 00 00 00 00 00 00 00 00 00 00 00 00 00 00 00 00 00 00 00 00 00 00 00 00 00 00 00 00 00 00 00 00 00 00 00 00 00 00 00 00 00 00 00 00 00 00 00 00 00 00 00 00 00 00 00 00 00 00 00 00 00 00 00


------------------------ 2014-01-05 15:09:33 ------------------------
Chr: Rakeda LVL(141) job: 131 MapID: 180000000  MAPCHR: Rakeda[1] ,Lv141,job:131 .
SendOP(-38): NPC_TALK [0337] (419)Data: 04 E0 0F 97 00 00 09 00 6A 00 23 62 23 74 35 31 35 30 30 35 33 23 23 6B 20 69 73 20 61 6C 6C 20 79 6F 75 20 6E 65 65 64 20 74 6F 20 63 68 61 6E 67 65 20 79 6F 75 72 20 68 61 69 72 73 74 79 6C 65 2E 20 43 68 6F 6F 73 65 20 61 20 6E 65 77 20 68 61 69 72 73 74 79 6C 65 2E 20 49 74 20 63 6F 75 6C 64 20 63 68 61 6E 67 65 20 79 6F 75 72 20 6C 69 66 65 4B D4 85 00 00 DE 85 00 00 06 86 00 00 10 86 00 00 1A 86 00 00 24 86 00 00 2E 86 00 00 38 86 00 00 42 86 00 00 4C 86 00 00 60 86 00 00 6A 86 00 00 74 86 00 00 7E 86 00 00 88 86 00 00 92 86 00 00 A6 86 00 00 B0 86 00 00 BA 86 00 00 CE 86 00 00 EC 86 00 00 00 87 00 00 14 87 00 00 1E 87 00 00 28 87 00 00 32 87 00 00 3C 87 00 00 46 87 00 00 50 87 00 00 5A 87 00 00 64 87 00 00 6E 87 00 00 78 87 00 00 82 87 00 00 8C 87 00 00 96 87 00 00 A0 87 00 00 AA 87 00 00 BE 87 00 00 C8 87 00 00 D2 87 00 00 DC 87 00 00 E6 87 00 00 F0 87 00 00 FA 87 00 00 04 88 00 00 0E 88 00 00 18 88 00 00 22 88 00 00 2C 88 00 00 36 88 00 00 40 88 00 00 4A 88 00 00 54 88 00 00 5E 88 00 00 7C 88 00 00 86 88 00 00 90 88 00 00 9A 88 00 00 A4 88 00 00 88 90 00 00 92 90 00 00 9C 90 00 00 A6 90 00 00 B0 90 00 00 C4 90 00 00 CE 90 00 00 D8 90 00 00 E2 90 00 00 EC 90 00 00 F6 90 00 00 00 91 00 00 0A 91 00 00 14 91 00 00 1E 91 00 00


------------------------ 2014-01-05 16:03:37 ------------------------
Chr: Rakeda LVL(157) job: 4112 MapID: 180000000  MAPCHR: Rakeda[1] ,Lv157,job:4112 .
SendOP(-38): NPC_TALK [0337] (627)Data: 04 E0 0F 97 00 00 09 00 6A 00 23 62 23 74 35 31 35 30 30 35 33 23 23 6B 20 69 73 20 61 6C 6C 20 79 6F 75 20 6E 65 65 64 20 74 6F 20 63 68 61 6E 67 65 20 79 6F 75 72 20 68 61 69 72 73 74 79 6C 65 2E 20 43 68 6F 6F 73 65 20 61 20 6E 65 77 20 68 61 69 72 73 74 79 6C 65 2E 20 49 74 20 63 6F 75 6C 64 20 63 68 61 6E 67 65 20 79 6F 75 72 20 6C 69 66 65 7F 18 79 00 00 22 79 00 00 2C 79 00 00 36 79 00 00 40 79 00 00 4A 79 00 00 54 79 00 00 5E 79 00 00 68 79 00 00 72 79 00 00 7C 79 00 00 86 79 00 00 90 79 00 00 9A 79 00 00 A4 79 00 00 AE 79 00 00 B8 79 00 00 C2 79 00 00 CC 79 00 00 D6 79 00 00 E0 79 00 00 EA 79 00 00 F4 79 00 00 FE 79 00 00 08 7A 00 00 12 7A 00 00 1C 7A 00 00 26 7A 00 00 30 7A 00 00 3A 7A 00 00 44 7A 00 00 4E 7A 00 00 58 7A 00 00 62 7A 00 00 6C 7A 00 00 76 7A 00 00 80 7A 00 00 A8 7A 00 00 B2 7A 00 00 BC 7A 00 00 C6 7A 00 00 D0 7A 00 00 DA 7A 00 00 E4 7A 00 00 EE 7A 00 00 F8 7A 00 00 02 7B 00 00 16 7B 00 00 20 7B 00 00 2A 7B 00 00 34 7B 00 00 3E 7B 00 00 48 7B 00 00 52 7B 00 00 5C 7B 00 00 66 7B 00 00 70 7B 00 00 7A 7B 00 00 84 7B 00 00 8E 7B 00 00 98 7B 00 00 A2 7B 00 00 AC 7B 00 00 B6 7B 00 00 C0 7B 00 00 CA 7B 00 00 D4 7B 00 00 DE 7B 00 00 E8 7B 00 00 F2 7B 00 00 FC 7B 00 00 06 7C 00 00 10 7C 00 00 1A 7C 00 00 24 7C 00 00 2E 7C 00 00 38 7C 00 00 42 7C 00 00 4C 7C 00 00 56 7C 00 00 60 7C 00 00 6A 7C 00 00 74 7C 00 00 7E 7C 00 00 88 7C 00 00 92 7C 00 00 A6 7C 00 00 B0 7C 00 00 BA 7C 00 00 C4 7C 00 00 CE 7C 00 00 F6 7C 00 00 32 7D 00 00 96 7D 00 00 36 7E 00 00 40 7E 00 00 54 7E 00 00 5E 7E 00 00 68 7E 00 00 06 81 00 00 88 81 00 00 36 83 00 00 D0 84 00 00 DA 84 00 00 E4 84 00 00 EE 84 00 00 F8 84 00 00 02 85 00 00 0C 85 00 00 16 85 00 00 20 85 00 00 2A 85 00 00 34 85 00 00 3E 85 00 00 48 85 00 00 52 85 00 00 5C 85 00 00 66 85 00 00 70 85 00 00 7A 85 00 00 84 85 00 00 8E 85 00 00 A2 85 00 00 AC 85 00 00 B6 85 00 00 C0 85 00 00 CA 85 00 00

